22 serialization::archive 19 0 1 0
0 113 {
    "value0": 5,
    "value1": 4294967295,
    "value2": 0,
    "value3": 1,
    "value4": 2,
    "value5": 3
} 4 0 1 1 0
1 10 GameObject 0 1 0 0 0 2 1 0
2 0.000000000e+00 0.000000000e+00 0.000000000e+00 1.000000000e+00 1.000000119e+00 1.000000000e+00 -1.937923133e-01 -5.594149232e-01 -1.364899427e-01 0 -1 0 1 14 LightComponent 3 1 0
3 0 0 1 1 14 LightComponent 1.000000000e+00 8.529412150e-01 0.000000000e+00 1 1
4 7 Soldier 0 1 1 0 0 2
5 0.000000000e+00 0.000000000e+00 0.000000000e+00 1.000000000e+00 1.000000000e+00 1.000000000e+00 0.000000000e+00 0.000000000e+00 0.000000000e+00 1 -1 1 2
6 0.000000000e+00 0.000000000e+00 3.188081264e+00 1.000000000e+00 1.000000000e+00 1.000000000e+00 -0.000000000e+00 0.000000000e+00 -0.000000000e+00 2 2
7 0.000000000e+00 0.000000000e+00 0.000000000e+00 1.000000000e+00 1.000000000e+00 1.000000000e+00 0.000000000e+00 0.000000000e+00 0.000000000e+00 1 -1 1 2 6 0 1 12 MeshRenderer 5 1 0
8 1 4 12 MeshRenderer 14 0 -1 2 1
9 10 GameObject 0 1 2 0 0 2
10 0.000000000e+00 0.000000000e+00 3.188081264e+00 1.000000000e+00 1.000000000e+00 1.000000000e+00 -0.000000000e+00 0.000000000e+00 -0.000000000e+00 2 2 7 0 1 12 MeshRenderer 5
11 1 9 12 MeshRenderer 0 1 12 3 1
12 10 GameObject 0 1 3 0 0 2
13 0.000000000e+00 0.000000000e+00 0.000000000e+00 1.000000000e+00 1.000000000e+00 1.000000000e+00 0.000000000e+00 0.000000000e+00 0.000000000e+00 3 -1 0 0 9 New Scene
